010000060006000500350694082090307040700000005020805090560978013003000400080000070;1;123456789;0;819532764246781539357694182695327841738149625421865397564978213973216458182453976
030000090004070500800000001008406700790000036060705080053807960007020100000903000;1;123456789;0;532148697614379528879562341328496715795281436461735289253817964987624153146953872
005603010602810700010000048400908075020070090790506004180000030003087501050301800;1;123456789;0;875643912642819753319752648436928175528174396791536284187265439963487521254391867
007100060090003040603008000000080027900200004300040100002000006030025008005071300;1;123456789;0;847152963291763845653498271514389627978216534326547189182934756739625418465871392
090403070008000300050201060047000250100000003063000810080706020006000100030104080;1;123456789;0;692483571718965342354271968847319256125648793963527814581736429476892135239154687
005900001038007000090020048740600010000800700000030020600204900003008060504000007;1;123456789;0;465983271238417596197526348742695813316842759859731624681274935973158462524369187
000700000700082060085030471090000510000407000023000040871050690050960002000003000;1;123456789;0;136745829749182365285639471497326518518497236623518947871254693354961782962873154
700090042250700060004503100008040790900302001063050800002109400010008036890030007;1;123456789;0;731896542259714368684523179528641793947382651163957824372169485415278936896435217
100029003009000270005470096200001908000284000480050001700036002302705060046000010;1;123456789;0;174629583639518274825473196257361948961284735483957621798136452312745869546892317
000908405087400009940001700000000000610390502034052601300046008002780300805000207;1;123456789;0;123978465587463129946521783259617834618394572734852691371246958492785316865139247
640000058002704100900000004003502600500000007006409800700000002009305400320000019;2;123456789;0;647213958852794163931658724473582691598136247216479835765941382189325476324867519
210000057000503000308000206003409100040000030006308900804000702000207000570000013;2;123456789;0;219684357467523891358971246783469125945712638126358974894135762631247589572896413
000100090605000300009000000000025000000000070940000080000000506010400000000000200;2;123456789;0;724153698685749321139286754871925463356814972942637185298371546517462839463598217
208507904000000000904103206180030049043709810009040600005070400000412000000050000;2;123456789;0;218567934536294187974183256182635749643729815759841623825376491397412568461958372
200514007050006900000020000307000060062000840040000305000090000004300080600471002;2;123456789;0;289514637153786924476923158397845261562137849841269375725698413914352786638471592
000800700806040090300500200009068007050000040700120600001007003020050801003009000;2;123456789;0;295836714816742395374591286139468527652973148748125639461287953927354861583619472
002809000105300002000000370900000020400581000000932060807000000000750400030400610;2;123456789;0;372849156185367942694215378953674821426581793718932564847196235261753489539428617
003170008060090107000004020005809000008020003230000009050010002070000560409050000;2;123456789;0;923175648564298137817364925745839216698721453231546789356417892172983564489652371
062100000501020080790000002000003907000008000259700060000000500378040006000902400;2;123456789;0;862179354541326789793485612186253947437698125259714863924867531378541296615932478
700800420300900180040007000806340000003050000070002310207510000005080000080006950;2;123456789;0;719835426352964187648127539826341795193758642574692318237519864965483271481276953
010000090900070006500309007008902400000080000006407500600201003100030004040000070;3;123456789;0;317864295982175346564329817738952461451683729296417538675241983129738654843596172
075030820300682004200501003000010000080706050000903000000104000002060900090207010;3;123456789;0;675439821319682574248571693967815432483726159521943768736194285152368947894257316
090000005002800000307029004000005076001070900780300000400180203000003700100000060;3;123456789;0;894761325652834197317529684923415876541678932786392541479186253265943718138257469
000400900104070020800500600002083009060000080900760100005006004040010206003007000;3;123456789;0;356421978194678523827539641572183469461952387938764152285396714749815236613247895
080000070094803150605000308000958000000030000000642000701000504052704860030000090;3;123456789;0;183465279294873156675291348326958417549137682817642935761389524952714863438526791
400000009020401050000080000004769500080000090907010306006000800001806200740020063;3;123456789;0;473652189829431657165987432314769528682543791957218346296374815531896274748125963
800090250020180600000007000056000104400000003108000760000600000001035020049070005;3;123456789;0;814396257527184639963257841356728194472961583198543762235619478781435926649872315
000018043108000070000400500360509000000102860005000009900003000074250000010000702;3;123456789;0;526718943148395276739426581361589427497132865285647139952873614674251398813964752
057024000900300000380701000090006104000000985070009206021058000400600000860203000;3;123456789;0;157824369942365817386791452298536174613472985574189236721958643439617528865243791
900008000032940000060300104080400607600003000097250000006030209009020701000000503;3;123456789;0;941568372732941856865372194583419627624783915197256438476135289359824761218697543
080060005007905080100000400009502040800000500020040009000703000503000810208000760;4;123456789;0;982467135347915286156328497719532648834679521625841379461783952573296814298154763
000040002305800060201000070876000000000002090000700400607900000000030005502100030;4;123456789;0;798641352345827169261593874876419523154382697923765418637958241419236785582174936
020308070008000900060705040052000310100000004046000780070901020001000600080603090;4;123456789;0;425398176718246953369715842852467319137589264946132785673951428591824637284673591
000000000750080019830407052002106500000302000300845007000020000500060004010030090;4;123456789;0;124659378756283419839417652982176543475392861361845927647928135593761284218534796
000802905000040000040030008001960300600000009002078100200080070000050000405701000;4;123456789;0;376812945128549637549637218781964352634125789952378164293486571817253496465791823
010000005005600000809031006000004062006080400530900000400820607000009800700000010;4;123456789;0;613247985275698341849531726987314562126785439534962178451823697362179854798456213
000007100040300000700000009009000500460001080001765000000243060003800904080000070;4;123456789;0;932657148146398725758124639379482516465931287821765493597243861213876954684519372
802000095709000064040000200090503700000020000600708003000050000900406008010302900;4;123456789;0;832647195759231864146985237491563782387124659625798413264859371973416528518372946
060007001300900000070004009080009650900500000006030920030002410200800000004050280;4;123456789;0;569327841348915762172684539481279653923568174756431928835792416217846395694153287
034200065000034000800000002025087300000000059600003000008701020040020708097000000;4;123456789;0;734218965952634187816579432125987346473162859689453271368791524541326798297845613
700200000089600000102074003000050270000020006300907104000000960073000000501000408;5;123456789;0;735298641489613725162574893814356279957421386326987154248135967673849512591762438
200000008000605000006278100630040057900563002004702300009080400060000070400000001;5;123456789;0;215439768897615234346278195632841957971563842584792316759186423168324579423957681
000090000004801600030000050050000030600080009070000010060000070001504800000020000;5;123456789;0;716295384524831697938746251159462738643187529872953416465318972291574863387629145
300090008060208070004030200050000010600179002008456300400000005000010000005907800;5;123456789;0;372691458561248973984735261759382614643179582218456397497863125826514739135927846
000000006154070000802050900000904630040060100007200009000030000420700005371000008;5;123456789;0;793821546154679823862453971215984637948367152637215489589132764426798315371546298
400300000080265007006049010300001000009000500000900002070590100800432070000007004;5;123456789;0;497318256183265497526749318352671849749823561618954732274596183861432975935187624
073006040920000007008300500700009030004700025030000108006910000000054090200000400;5;123456789;0;173596842925841367468372519752189634814763925639425178546917283381254796297638451
007001000060000043540600000800000020039000001020107000000710604000039780000062510;5;123456789;0;387941256962578143541623978815396427739254861624187395298715634156439782473862519
000005600000140097000270045230000000680002400007500030370000000590007800001800060;5;123456789;0;714395682852146397963278145235614978689732451147589236378961524596427813421853769
070050008200700030540000000000004906400300081009020400005003010000208600020160007;5;123456789;0;173459268296781534548632179387514926452396781619827453765943812931278645824165397
009000400008206900700090002096802140000000000012307590900020005007403600003000800;6;123456789;0;239718456548236971761594382396852147875149263412367598984621735157483629623975814
305010047000400000006058090500070000107000050000042700090000000200067903801004200;6;123456789;0;385219647719436528426758391542671839167983452938542716693825174254167983871394265
007805200060000010300040005000000000056908370070354060100000006040106020003070900;6;123456789;0;417865293568293417392741685834627159256918374971354862125489736749136528683572941
060100000007060008008047510001000002034090170900000800012430600800020700000001050;6;123456789;0;469158327157263498328947516581374962234896175976512843712435689845629731693781254
006950402309800005070000000601002000003000200000600704000000020500004809208039100;6;123456789;0;186957432329841675475326981691472358743185296852693714914768523537214869268539147
000809003007005004600043205070300000304000000000092000062000400008006100703010509;6;123456789;0;425869713837125694619743285276384951394571826581692347162957438958436172743218569
300020070050000600706103020000400007000070030800905140470500360900700001008006000;6;123456789;0;314629875259847613786153429692431587145278936837965142471592368963784251528316794
000000001072301650100080940017204580000000009500070120000000000059603000063407000;6;123456789;0;485769231972341658136582947317294586628135479594876123741958362859623714263417895
090010000006950080002006000000030200300208041000760830070000500001000007008600490;6;123456789;0;597812364436957182812346975789134256365298741124765839673429518941583627258671493
080003002003200600200060090900804050000030074730010000100050080060001005005900700;6;123456789;0;687193542493285617251467398926874153518632974734519826172356489869741235345928761
008600120209000003710000009000940006000028005020003890000000470075400000060807000;7;123456789;0;358679124249581763716234589837945216691728345524163897982356471175492638463817952
900010005500407001012090460006809300300000007470605089007000100800000002090000030;7;123456789;0;948316725563427891712598463256879314389241657471635289627953148835164972194782536
020453080700000002006000500090104030000000000030908070009000100200000004080729050;7;123456789;0;921453687753816942846297513698174235417532869532968471379645128265381794184729356
500060002001000800200103005070000030020040080060501090002607300000802000006914700;7;123456789;0;538769412691425873247183965475298136129346587863571294982657341714832659356914728
100050004420000058000408000010030069007000200860070010000301000940000032300080001;7;123456789;0;178659324429713658635428197214835769597146283863972415782391546941567832356284971
900034708180000060000028090010000600000506000009000020040280000090000085708390002;7;123456789;0;926134758184759263357628491815942637432576819679813524543281976291467385768395142
020010700103006000080357060000005900000000156001000020267040300040080010008709000;7;123456789;0;625418739173296485984357261836125974492873156751964823267541398349682517518739642
860000094004709600500000002005102800200000006003405700100000008002806900780000035;7;123456789;0;867213594324759681591648372975162843248397156613485729139574268452836917786921435
084060370790000081600010005006020900000080000402309108000291000000050000007608200;7;123456789;0;184965372795432681623817495876124953931586724452379168368291547249753816517648239
904062003002094600000000000001030020609000705070050400000000000007620900800510307;7;123456789;0;984162573752394681163875294541736829639248715278951436395487162417623958826519347
000090500000006000300000000000510900000000000700000002040007008091000060005002000;8;123456789;0;167894523584326791329751684432518976916273845758649312243967158891435267675182439
009805200100030006070109040000080000500693002060070050800000007020010060906000804;8;123456789;0;439865271182437596675129348297584613541693782368271459853946127724318965916752834
030102080009703100100000007005090300800000006002040800400000003003508700010406090;8;123456789;0;734162985529783164186954237645897321891325476372641859458279613963518742217436598
000834000100070005040000090207000304000040000008903200300050009070126030004398500;8;123456789;0;759834162136279845842561793297685314513742986468913257381457629975126438624398571
010008092009006500000000007620300100400609005008007026900000000002900700180400060;8;123456789;0;716538492249716538853294617627385149431629875598147326974863251362951784185472963
800001000700050930603009000125000300400000009006000157000600401049070003000200008;8;123456789;0;892361745714852936653749812125987364437516289986423157278635491549178623361294578
083045200070900005100000800200090000069070304001004020016000000007400008050008090;8;123456789;0;983145267674982135125367849248693751569271384731854926816539472397426518452718693
000050000080070000002000100600002800000001000070000006001003000000000008400000057;8;123456789;0;917254683384176592562938174645792831829361745173485926751823469296547318438619257
003004000028000000006007500700000004000080030900020000000000000000001700000030020;8;123456789;0;573894612128356947496217583785163294264789135931425876849672351352941768617538429
005000090070800003603090001090200004000001300700045002208700030050083600000000170;8;123456789;0;145326897972814563683597241596238714824971356731645982218769435457183629369452178
700009403500002908900005010000000000002900607840071000680024000000000000009300504;9;123456789;0;728619453531742968964835712397456821152983647846271395683524179475198236219367584
000040002305800060201000070876000000000002090000700400607900000000030005502100030;9;123456789;0;798641352345827169261593874876419523154382697923765418637958241419236785582174936
040208060500104003080050010008000300760000091009000600020080030100709006090301040;9;123456789;0;341278965576194283982653417258916374763842591419537628627485139134729856895361742
035000980700904002200000006000741000070602090002030700508000301020403050300000009;9;123456789;0;435126987716984532289375416693741825874652193152839764568297341927413658341568279
005004009900080000003000870200690007600803005100047006024000700000070003300100900;9;123456789;0;785324169962781534413569872238695417647813295159247386824936751591478623376152948
001207000070000210850004600208300040000080000010009803005600071067000090000905300;9;123456789;0;431267958679538214852194637298316745543782169716459823985623471367841592124975386
006000059000900800100080006000003270700040900090000003260001000050300040008270000;9;123456789;0;826137459345926817179584326581693274732845961694712583263451798957368142418279635
020000000135060020400005007001300700369070050080000000000018003000200480000904201;9;123456789;0;627843519135769824498125637541386792369472158782591346254618973916237485873954261
038010002000700300019020004095100600021006090000040003000050006072001030086300200;9;123456789;0;638419752254768319719523864395172648421836597867945123143257986972681435586394271
068740000000000000017960000100005042023410087000000900000000200036850091700004036;9;123456789;0;368742159942531768517968324179385642623419587854276913481693275236857491795124836
400000805030000000000700000020000060000080400000010000000603070500200000104000000;X;123456789;0;417369825632158947958724316825437169791586432346912758289643571573291684164875293
520006000000000701300000000000400800600000050000000000041800000000030020008700000;X;123456789;0;527316489896542731314987562172453896689271354453698217941825673765134928238769145
600000803040700000000000000000504070300200000106000000020000050000080600000010000;X;123456789;0;617459823248736915539128467982564371374291586156873294823647159791385642465912738
480300000000000071020000000705000060000200800000000000001076000300000400000050000;X;123456789;0;487312695593684271126597384735849162914265837268731549851476923379128456642953718
000014000030000200070000000000900030601000000000000080200000104000050600000708000;X;123456789;0;962314857134587269578296413847962531651873942329145786285639174793451628416728395
000000520080400000030009000501000600200700000000300000600010000000000704000000030;X;123456789;0;416837529982465371735129468571298643293746185864351297647913852359682714128574936
602050000000003040000000000430008000010000200000000700500270000000000081000600000;X;123456789;0;682154379951763842374892165437528916816937254295416738568271493729345681143689527
052400000000070100000000000000802000300000600090500000106030000000000089700000000;X;123456789;0;652481937834679152971325864467812593315794628298563471186937245523146789749258316
602050000000004030000000000430008000010000200000000700500270000000000081000600000;X;123456789;0;682153479951764832374892165437528916816947253295316748568271394729435681143689527
092300000000080100000000000107040000000000065800000000060502000400000700000900000;X;123456789;0;792351648543786129681429537157648293924137865836295471368572914419863752275914386
600302000050000010000000000702600000000000054300000000080150000000040200000000700;X;123456789;0;614382579953764812827591436742635198168279354395418627286157943579843261431926785
060501090100090053900007000040800070000000508081705030000050200000000000076008000;X;123456789;0;863521794127496853954387621645839172739142568281765439498653217512974386376218945
005000987040050001007000000200048000090100000600200000300600200000009070000000500;X;123456789;0;135426987846957321927381465213748659598163742674295813351674298482539176769812534
306070000000000051800000000010405000700000600000200000020000040000080300000500000;X;123456789;0;356871294972643851841952736213465987794318625685297413128736549569184372437529168
100000308070400000000000000203010000000000095800000000050600070000080200040000000;X;123456789;0;129576348376428519584391627293815764417263895865749132958632471731984256642157983
600302000040000010000000000702600000000000054300000000080150000000040200000000700;X;123456789;0;615382479943765812827491536752634198168279354394518627286157943579843261431926785
000030090000200001050900000000000000102080406080500020075000000401006003000004060;X;123456789;0;718435692963278541254961378547612839192387456386549127675893214421756983839124765
450000030000801000090000000000050090200700000800000000010040000000000702000600800;X;123456789;0;458276931623891475197534286371452698269783154845169327712948563986315742534627819
023700006800060590900000700000040970307096002000000000500470000000002000080000000;X;123456789;0;123759486874261593965384721216543978357896142498127365532478619641932857789615234
008400030000300000900001574790008000000007005140000020009060002050000400000090056;X;123456789;0;518476239427359618963821574795248361832617945146935827379564182651782493284193756
098010000200000060000000000000302050084000000000600000000040809300500000000000100;X;123456789;0;498716523257839461136425987971382654684157392523694718765241839319578246842963175
002470058000000000000001040000020009528090400009000100000000030300007500685002000;X;123456789;0;132479658847563291956281347413725869528196473769348125271854936394617582685932714
400000805030000000000700000020000060000050400000010000000603070500200000109000000;X;123456789;0;417369825638125947952748316825437169791856432346912758284693571573281694169574283
020300000063000005800000001500009030000700000000100008087900260000006070006007004;X;123456789;0;925371486163498725874562391542689137618753942739124658487915263351246879296837514
100000709040007200800000000070010060300000005060040020000000008005300070702000046;X;123456789;0;123456789649837251857291634274518963398672415561943827416725398985364172732189546
400000300000802000000700000000100087340000000600000000500060000000010400082000000;X;123456789;0;475691328961832745823754196259143687347586219618927534534269871796318452182475963
000000071020800000000403000700060050000200300900000000600070000080000400000050000;X;123456789;0;349526871521897643876413529718369254465281397932745186654178932187932465293654718
600302000040000080000000000702600000000000054300000000080150000000080200000000700;X;123456789;0;618342579943765182527891436752634891861279354394518627286157943179483265435926718
047080001000000000000600700600003570000005000010060000280040000090100040000020690;X;123456789;0;947582361863471952152639784624813579738295416519764823285946137396157248471328695
000000801700200000000506000000700050010000300080000000500000020040080000600030000;X;123456789;0;254379861761248593893516742326791458915824376487653219538167924142985637679432185
380600000009000000020030510000005000030010060000400000017050080000000900000007032;X;123456789;0;385621497179584326426739518762395841534812769891476253917253684243168975658947132
000500000000000506970000020004802000250100030080030000000004070013050090020003100;X;123456789;0;836521947142379586975648321364892715259167438781435269598214673413756892627983154
020000000305062009068000300050000000000640802004700900003000001000006000170430000;X;123456789;0;427593186315862479968174325659328714731649852284751963593287641842916537176435298
080040000300000010000000020005000406900100800200000000000309000060000500000200000;X;123456789;0;781942365324576918659831724815723496936154872247698153578369241162487539493215687
008090100060500020000006000030107050000000009004000300050000200070003080200700004;X;123456789;0;748392165369514728125876943932147856687235419514689372853461297476923581291758634
400000508030000000000700000020000060000050800000010000000603070500200000108000000;X;123456789;0;417369528839125746652748319925837461741956832386412957294683175573291684168574293
100000308060400000000000000203010000000000095800000000050600070000080200040000000;X;123456789;0;124597368369428517587361924293815746416273895875946132958632471631784259742159683
100006080064000000000040007000090600070400500500070100050000320300008000400000000;X;123456789;0;137926485964587231825341967241895673673412598589673142758164329396258714412739856
249060003030000200800000005000006000000200000010040820090500700004000001070003000;X;123456789;0;249865173531974268867132495423786519986251347715349826692518734354627981178493652
000800009087300040600700000008500970000000000043007500000003000030001450400002001;X;123456789;0;351846729287319645694725183168534972725198364943267518516483297832971456479652831
000501000090000800060000000401000000000070090000000030800000105000200400000360000;X;123456789;0;748591326195623847263487519421936758356874291987152634832749165679215483514368972
000000801600200000000705000000600020010000300080000000200000070030080000500040000;X;123456789;0;723469851651238794894715632375691428912874365486523917248356179137982546569147283
047600050803000002000009000000805006000100000602400000078000510006000040090004007;X;123456789;0;947628351863751492125349678734895126589162734612473985478236519256917843391584267
000007095000001000860020000020073008500000060003004900305000417240000000000000000;X;123456789;0;132467895957381246864529731429673158578912364613854972385296417241735689796148523
040500000800090030076020000014600000000009007000003600001004050060000003007100200;X;123456789;0;143587962852496731976321584214675398635819427789243615321764859468952173597138246
083400000000070050000000000040108000000000027000300000206050000500000800000000100;X;123456789;0;783465219421973658965281734347128596198546327652397481216854973534719862879632145
009000003000009000700000506006500400000300000028000000300750600600000000000120308;X;123456789;0;219675843865439721743281596936512487157348962428967135382754619671893254594126378
026039000000600001900000700000004009050000200008500000300200900400007620000000004;X;123456789;0;126739845847625391935481762213864579654973218798512436361248957489157623572396184
203080000800700000000000100060507000400000030000100000000000082050000600010000000;X;123456789;0;273681495891754263546392178169537824485269731327148956734916582958423617612875349
600302000010000050000000000702600000000000084300000000080150000000080200000000700;X;123456789;0;654312879913876452827495136742638591165729384398541627286157943471983265539264718
100000900064001070070040000000300000308900500007000020000060709000004010000129030;X;123456789;0;152738946864291375973645281216357498348912567597486123421863759639574812785129634
000000000900000084062300050000600045300010006000900070000100000405002000030800009;X;123456789;0;174589362953261784862347951219673845387415296546928173628194537495732618731856429
020000593800500460940060008002030000060080730700200000000040380070000600000000005;X;123456789;0;126478593837592461945361278412937856569184732783256914251649387374815629698723145
904005000250600100310000008070009000400260000001470000700000002000300806040000090;X;123456789;0;964815237258637149317924658872159364495263781631478925783596412529341876146782593
000520000090003004000000700010000040080045300600010008702000000008000032040080010;X;123456789;0;476529183895173624321864795517398246289645371634712958752431869168957432943286517
530020900024030050009000000000010827000700000000098100000000000006400009102050430;X;123456789;0;538127946624839751719645382965314827381762594247598163493281675856473219172956438
100007860007008010800200009000000002400010000009005000608000000000050900000009304;X;123456789;0;124597863937648215856231749513786492482913657769425138698374521341852976275169384
000050001100000070060000080000004000009010300000596020080062007007000000305070200;X;123456789;0;872459631154683972963721485216834759549217368738596124481362597627945813395178246
047020000800001000030000902000005000600810050000040000070000304000900010400270800;X;123456789;0;947326581852491673136587942284735169693812457715649238579168324328954716461273895
000000940000090005300005070080400100463000000000007080800700000700000028050260000;X;123456789;0;215876943678394215349125876587432169463981752192657384826743591734519628951268437
020000006000041000007800001000000700003700000600412000010074005008050070000003900;X;123456789;0;124397856835641297967825341241538769583769412679412538312974685498256173756183924
100000308060400000000000000203010000000000075800000000070500060000080200040000000;X;123456789;0;125976348369428517784351926253817694416293875897645132978532461631784259542169783
200001090010030700900800020000000850060400000000070003020300060000500000109000205;X;123456789;0;283741596615239748974865321397126854861453972452978613528394167736512489149687235
007008000006020300030000009010050060000010000070900002000000004083004000260000510;X;123456789;0;957638421146729385832541679419352768628417953375986142791265834583174296264893517
000360000850000000904008000000006800000000017009004500010500060400009002000003000;X;123456789;0;127365489853491276964278351231756894548932617679184523312547968485619732796823145
340600000007000000020080570000005000070010020000400000036020010000000900000007082;X;123456789;0;345671298987253146621984573264795831573816429198432657836529714712348965459167382
000000401800200000000607000000800060040000300010000000600000020050010000700030000;X;123456789;0;265389471874251693193647852327894165946125387518763249631578924452916738789432516
040050067000100040000200000100800300000000200060000000000040050300000800200000000;X;123456789;0;842359167573186942619274538127865394435791286968423715781942653354617829296538471
000000040002004001070050090003007000040060000600100800020000100850900060000080003;X;123456789;0;538219746962874531174356298283497615741568329695123874329645187857931462416782953
800700004050000600000000000030970008000043005000020900006000000200060007071008302;X;123456789;0;863751294957432681124689573532976148619843725748125936386217459295364817471598362
080004050000700300000000000010085000600000200000040000302600000000000041700000000;X;123456789;0;986324157124759368537861429413285976695173284278946513342617895869532741751498632
000070080006000500020003061010007002008005340200900000002000000580006030400010000;X;123456789;0;945671283136482597827593461614837952798125346253964178362759814581246739479318625
000000801600200000000705000000600020010000300080000000200000070040080000500030000;X;123456789;0;724369851651248793893715642375691428912874365486523917238456179147982536569137284
052006800000007020000000600004800900200410000001000008006100380000090006300600109;X;123456789;0;152946837963587421847231695574863912289415763631729548796152384415398276328674159
000010780500009000000000040020000000000600003074080000000003002080040010600500000;X;123456789;0;269314785548769231731852649126437958895621473374985126457193862983246517612578394
100000003060300700070005001210700090007000000008010020000806400009020060000400000;X;123456789;0;152678943864391752973245681215763894497582136638914527321856479549127368786439215
400070100001904605000001000000700002002030000847006000014000806020000300600090000;X;123456789;0;496573128381924675275861943153789462962435781847216539714352896529648317638197254
000000801700200000000506000000700050010000300080000000500000020030080000600040000;X;123456789;0;253479861761238594894516732326791458915824376487653219548167923132985647679342185
963000000100008000000205000040800000010000700000030025700000030009020407000000900;X;123456789;0;963741258152398674874265391345872169218956743697134825721489536589623417436517982
150300000070040200004072000008000000000900108010080790000003800000000000600007423;X;123456789;0;152398647973641285864572931598714362247936158316285794725463819431829576689157423
000000000057240009800009470009003000500900120003010900060000250000560000070000006;X;123456789;0;946731582157248639832659471719423865584976123623815947461397258398562714275184396
000075000010020000040003000500000302000800010000000600000100480200000000700000000;X;123456789;0;932475861617928534845613279568741392429836715173259648356192487294387156781564923
600000703040800000000000000000504080700200000103000000020000050000070900000010000;X;123456789;0;618459723342867519579123468296534187784291635153786294927648351861375942435912876
000060004006030000100400507700000805000800000608000090002090000400003200009700100;X;123456789;0;957261384846537921123489567734926815295814736618375492572198643481653279369742158
032000005800300000904280001000400039000600050000010000020006708000004000095000060;X;123456789;0;132749685857361924964285371216457839348692157579813246421536798683974512795128463
000503000000060700508000016360020000000401000000030005670000208004070000000200500;X;123456789;0;746513892132869754598742316367925481925481673481637925679154238254378169813296547
050307040100000000030000000508030610000800509060010000000040006000692700002000900;X;123456789;0;956327841127486395834951267548739612271864539369215478793548126415692783682173954
005008001800000090000000780000400000640000900000053002060000000001380050000907140;X;123456789;0;935748621876231594124695783512469378643872915789153462267514839491386257358927146
000000000072060100005100082080001300400000000037090010000023800504009000000000790;X;123456789;0;143258679872964153695137482986541327451372968237896514719623845564789231328415796
000658000004000000120000000000009607000300500002080003001900800306000004000047300;X;123456789;0;937658241864291735125734986583419627649372518712586493471963852396825174258147369
020300000006008090830500000000200080709005000000006004000000010001000402200700809;X;123456789;0;924361758156478293837592641613247985749185326582936174498623517371859462265714839
050090000100000600000308000008040009514000000030000200000000004080006007700150060;X;123456789;0;856491372143572698927368451278645139514923786639817245361789524485236917792154863
000002000000070001700300090800700000020890600013006000090050824000008910000000000;X;123456789;0;659412378238679451741385296865723149427891635913546782396157824574268913182934567
